50
11
10
21
28
1
23
1
41
31
25
31
39
32
22
50
30
14
20
20
12
13
47
5
18
20
34
13
29
38
46
47
1
5
17
30
7
39
30
47
19
6
30
9
38
1
8
19
16
29
38
29
41
36
33
9
6
18
23
36
8
20
32
8
24
50
37
30
40
19
28
8
24
7
16
13
9
25
31
27
5
20
7
47
6
40
7
13
9
29
48
16
48
31
23
23
30
12
4
19
32
34
28
7
42
45
20
3
21
2
29
27
24
35
23
31
26
30
45
35
10
42
50
10
24
25
32
3
36
38
23
17
21
2
25
12
46
44
16
18
48
44
44
23
31
18
5
8
47
49
42
9
40
44
18
13
18
1
17
5
38
41
23
10
42
47
24
39
43
39
6
40
33
1
14
15
18
18
22
17
16
16
25
7
9
42
21
26
42
39
30
32
29
2
41
20
48
14
10
42
3
17
33
37
17
46
1
36
15
24
2
30
39
28
38
47
19
8
24
13
46
5
44
26
8
36
47
6
50
6
49
4
24
32
40
40
27
42
28
42
15
31
23
6
9
11
2
27
20
28
41
16
32
34
43
40
20
40
47
21
47
45
24
21
26
15
12
5
6
39
46
22
20
20
27
28
30
31
6
50
8
47
17
39
32
9
30
3
50
26
25
47
23
48
17
48
12
28
2
19
17
49
41
38
19
17
17
50
47
22
49
6
20
17
47
2
28
26
6
27
4
31
23
26
30
39
23
44
19
27
12
37
27
2
24
45
21
40
47
19
13
47
25
33
14
21
36
41
48
43
19
1
23
44
26
5
34
1
48
2
29
9
38
5
13
13
2
33
2
48
3
17
44
27
1
9
49
38
1
49
30
20
49
5
13
27
9
48
29
6
50
9
14
37
15
28
2
16
10
5
15
13
21
11
41
21
19
42
8
22
40
40
41
40
44
5
18
4
2
48
9
3
6
24
42
23
2
43
40
13
47
5
27
20
17
20
40
35
11
50
6
2
41
48
43
34
4
13
39
8
12
47
12
20
22
3
42
25
47
31
38
44
37
16
13
3
35
4
40
47
5
47
48
45
47
43
30
50
7
18
9
18
16
23
37
38
25
28
12
22
9
1
17
47
17
31
50
1
36
39
48
41
35
47
37
31
41
17
33
47
36
43
15
2
15
3
41
42
31
4
15
41
5
31
37
23
13
38
23
48
26
22
40
11
21
27
43
11
43
25
10
30
20
26
31
34
28
21
25
10
25
39
50
31
21
39
3
33
26
27
33
2
49
22
14
21
48
8
33
42
35
42
22
4
17
4
39
47
27
14
6
3
4
8
33
27
46
37
9
21
13
43
24
13
15
39
33
14
49
16
8
33
9
29
38
28
34
26
24
10
41
29
12
47
36
46
23
33
32
33
6
47
26
29
9
40
20
44
5
18
11
12
2
21
42
39
48
26
14
21
37
7
2
49
3
39
46
25
24
30
7
29
26
32
9
36
23
30
31
28
47
41
41
48
14
33
38
11
8
2
34
44
8
37
44
10
27
40
36
50
19
42
28
46
24
39
31
48
18
14
25
17
6
16
16
19
50
4
30
7
7
15
2
16
1
48
27
27
39
12
27
9
3
6
4
28
44
36
26
12
49
2
28
7
19
43
25
18
48
4
24
4
18
28
19
20
27
45
47
15
6
25
23
11
30
28
38
26
15
15
37
16
17
16
22
35
10
46
3
8
2
28
11
21
7
32
41
33
26
39
47
34
13
21
44
42
50
33
17
17
48
5
32
14
22
5
50
32
2
2
41
3
32
3
26
38
34
16
21
12
6
19
47
18
42
40
11
43
24
30
9
21
34
42
36
8
48
38
41
50
39
31
4
22
35
29
10
21
46
32
34
1
2
30
20
43
21
31
38
44
10
48
17
45
40
4
4
39
41
44
38
32
26
42
3
13
22
14
33
18
45
16
20
47
45
40
41
15
22
28
10
31
26
26
27
17
32
31
5
22
26
43
5
4
36
8
16
7
23
48
26
18
15
46
14
9
37
4
25
8
32
34
40
9
12
18
25
43
50
29
16
26
23
23
31
8
32
46
17
4
43
42
21
9
39
36
17
25
40
43
34
23
28
23
33
39
43
7
33
42
37
1
19
10
23
49
19
6
46
35
9
40
29
30
48
17
15
16
44
6
8
27
30
36
2
12
26
46
20
11
37
7
13
8
18
37
8
36
42
4
23
50
43
1
31
41
19
48
6
12
5
16
41
35
1
44
48
28
39
18
38
25
24
2
34
41
38
42
28
29
47
2
31
39
4
11
31
23
10
37
36
15
4
28
1
6
21
48
33
9
15
23
36
38
24
19
30
12
12
10
40
8
11
20
47
17
33
29
39
42
17
26
8
20
4
8
25
26
6
8
35
20
32
20
10
5
40
41
16
2
2
8
9
13
29
7
29
11
36
19
5
2
46
12
22
1
20
46
27
27
5
13
46
36
32
7
41
21
50
8
24
1
17
33
15
46
41
43
8
26
13
14
30
11
28
1
11
47
48
39
25
5
1
22
40
32
29
32
5
30
42
28
30
8
12
45
5
3
39
15
30
4
30
9
14
7
11
26
5
11
15
29
15
15
1
4
49
31
38
5
10
29
34
39
38
46
35
45
50
24
9
29
29
38
40
42
47
50
19
1
10
33
30
24
50
30
30
48
10
17
4
21
47
37
9
34
34
46
28
33
21
38
14
49
28
3
42
24
4
10
26
14
43
5
39
44
36
20
43
47
38
46
17
34
32
28
20
16
23
49
50
43
39
13
41
16
15
32
41
21
43
16
34
37
23
24
30
8
46
22
5
33
19
23
19
3
50
40
20
22
40
19
16
28
34
6
45
50
39
35
20
34
3
5
20
25
29
50
34
24
23
40
8
44
13
26
46
14
17
15
38
7
35
3
34
18
11
31
18
1
17
37
34
19
42
4
45
22
5
29
47
29
18
6
22
30
34
19
44
50
35
33
6
20
35
42
39
45
22
8
48
40
45
31
9
38
36
5
11
40
33
9
21
1
14
42
32
47
13
27
47
47
9
4
18
46
45
7
42
18
14
39
10
10
20
20
49
7
24
9
49
7
17
19
9
33
12
42
29
24
19
27
21
29
31
38
24
27
46
16
47
10
4
6
21
25
25
20
34
48
28
32
6
47
50
14
29
11
8
9
37
26
36
9
4
16
48
30
42
44
45
38
5
50
45
25
27
19
46
10
19
26
43
24
22
42
40
2
4
47
10
42
24
45
50
29
12
48
10
4
41
4
43
47
6
40
23
34
8
19
45
28
44
37
4
17
30
43
18
33
41
29
25
16
24
26
46
35
23
6
40
15
11
35
11
16
24
36
1
33
4
45
11
47
33
14
13
12
8
32
45
50
10
21
17
35
46
12
22
21
17
13
37
28
47
50
45
22
35
46
7
38
42
17
36
25
32
50
38
41
31
32
42
42
4
8
27
2
19
48
24
38
12
10
15
11
9
11
32
45
8
38
34
50
6
19
26
39
18
13
29
50
47
20
42
2
29
20
5
48
19
28
35
30
40
1
40
50
11
24
45
19
13
28
20
21
47
47
9
16
11
40
18
7
11
9
11
40
30
15
39
48
43
25
29
32
25
19
31
37
44
27
7
6
5
28
28
3
26
37
20
37
28
37
45
38
45
5
27
24
20
17
23
14
41
2
47
17
22
29
6
15
6
12
22
12
42
50
14
17
38
33
5
15
22
50
2
16
6
31
42
27
47
16
40
38
17
38
4
40
17
9
6
24
23
28
37
16
29
2
34
16
34
39
30
7
40
33
23
45
13
16
22
10
33
13
47
2
1
2
41
19
13
47
44
37
26
30
4
4
31
37
19
16
27
50
23
16
32
47
11
45
14
32
6
46
44
4
47
46
5
40
14
19
36
9
7
11
38
10
16
18
47
34
34
23
35
8
39
16
4
1
10
17
34
15
12
29
20
11
25
25
50
40
45
35
49
2
47
36
11
12
6
9
47
41
32
31
48
22
48
1
24
10
19
7
26
32
35
46
42
11
20
41
1
16
27
1
17
25
36
28
38
43
38
34
33
19
16
30
42
14
32
15
23
50
21
50
32
8
45
23
18
16
16
18
32
44
18
48
19
6
27
6
48
15
42
33
35
7
12
29
22
46
43
46
45
16
46
28
23
40
3
40
6
18
10
37
11
29
36
31
36
15
37
36
31
28
18
15
36
31
43
10
26
38
5
23
3
2
50
27
42
2
18
49
21
27
37
34
8
22
14
43
38
2
30
18
31
47
33
17
28
27
28
5
14
32
27
18
36
29
44
29
32
12
27
5
40
13
38
47
36
3
42
26
5
21
43
35
18
25
3
47
4
30
1
17
14
30
37
49
8
30
27
39
41
5
43
31
19
32
29
6
35
20
31
41
43
24
27
10
50
32
8
3
11
10
22
26
39
8
24
46
39
2
37
32
6
31
14
24
13
42
30
49
14
10
41
6
33
17
17
35
48
24
37
11
35
10
36
24
19
12
21
8
13
9
39
19
40
2
44
4
45
25
2
10
35
44
15
19
10
33
3
10
8
42
20
43
3
7
16
22
18
38
31
33
47
19
3
36
22
46
41
18
21
42
28
7
37
44
27
46
27
30
7
36
23
28
28
25
37
45
48
4
33
28
38
31
48
40
16
21
38
6
39
10
49
18
16
35
13
42
32
41
23
41
27
47
18
6
22
6
1
19
10
35
49
49
15
46
39
32
17
28
39
7
37
39
26
4
25
38
47
8
29
20
48
5
18
18
12
39
23
12
10
34
48
8
33
14
5
23
45
21
2
35
29
38
23
4
43
47
42
39
5
22
10
2
28
28
21
39
18
44
3
29
29
50
36
11
16
43
35
10
15
36
47
44
25
19
49
17
16
42
8
22
13
19
25
42
46
46
31
16
41
33
44
19
34
32
32
49
24
18
11
40
4
7
33
28
25
32
47
42
25
4
15
38
24
40
29
22
37
11
37
27
43
32
47
29
15
30
27
40
48
37
30
3
45
12
32
20
45
28
13
20
33
28
9
7
19
39
28
5
50
16
33
44
47
31
24
12
11
1
1
10
39
30
12
34
44
45
5
40
25
19
11
7
48
19
15
16
10
44
20
9
11
2
4
10
35
28
23
47
30
25
6
20
5
19
5
50
13
11
41
37
30
2
46
27
20
12
43
31
8
14
41
18
18
45
29
2
24
1
48
3
26
3
24
32
23
29
31
37
39
21
24
18
22
21
47
44
34
41
26
41
4
17
11
21
13
39
24
36
40
21
40
17
25
13
48
47
41
28
36
32
50
11
1
24
31
47
19
16
37
44
7
43
12
19
15
24
9
39
9
50
9
50
16
36
15
13
34
5
42
19
38
44
29
39
17
11
35
37
27
24
32
35
16
44
3
30
17
11
18
28
13
29
27
28
14
41
41
49
48
32
18
35
25
46
25
43
9
10
31
35
35
13
19
50
8
23
31
24
35
1
3
47
31
32
25
46
24
17
44
23
48
11
8
25
9
32
19
17
43
50
3
27
14
23
28
21
45
11
46
29
11
1
28
41
32
4
38
5
20
31
28
19
44
37
45
4
20
14
22
15
15
24
43
30
46
21
2
42
31
49
22
43
49
