30
10
19
39
26
39
25
34
8
32
44
9
21
50
18
40
20
14
23
45
24
48
32
13
33
41
43
42
8
16
22
8
25
42
48
2
32
22
38
41
5
31
49
26
32
17
17
3
32
40
47
5
39
31
19
22
21
13
13
30
28
36
37
5
27
34
8
10
8
45
50
12
28
1
37
11
19
6
14
50
45
12
6
35
42
26
6
15
40
19
44
19
6
33
23
33
18
31
44
25
27
44
37
4
44
25
15
14
30
28
13
26
39
20
11
33
45
18
47
36
38
42
4
44
24
29
26
42
11
19
18
37
14
6
41
9
31
5
22
12
34
36
40
24
5
2
6
1
19
4
36
7
46
40
50
21
18
27
14
28
47
32
16
11
37
6
21
19
12
43
33
47
30
22
21
35
23
28
35
41
34
23
49
31
14
48
1
31
24
15
10
23
48
25
33
36
33
5
5
44
49
37
41
29
10
13
13
34
42
49
24
25
23
23
5
36
22
8
16
48
22
27
20
19
2
4
4
34
8
10
29
7
48
21
35
9
35
49
42
27
49
16
3
22
40
10
7
11
17
25
10
40
1
29
10
4
32
15
39
40
27
18
48
24
38
32
33
23
32
26
1
30
41
5
1
32
14
8
45
32
32
4
21
34
33
32
38
16
47
26
5
23
43
2
48
33
35
32
7
16
8
9
46
50
13
48
34
27
5
28
10
38
33
33
22
17
14
11
33
12
36
37
36
31
41
34
15
27
17
21
43
26
29
40
26
41
37
11
19
44
38
29
33
22
11
6
39
26
16
21
38
4
9
23
34
1
8
48
28
27
20
22
2
50
11
29
40
49
39
11
44
28
41
27
50
3
32
38
28
50
8
17
3
18
42
36
19
49
35
46
27
6
17
29
5
29
9
44
29
48
6
23
25
46
1
26
48
34
13
28
33
22
44
35
40
35
22
10
36
8
5
12
13
23
42
17
3
1
13
33
50
18
5
24
16
7
2
15
41
14
42
23
38
38
10
29
22
31
38
7
41
42
21
3
16
12
20
18
12
34
2
13
1
7
39
18
15
40
33
5
5
26
30
42
13
39
20
37
21
7
45
11
50
15
16
15
27
37
34
40
20
36
3
22
44
41
40
10
32
24
15
36
49
46
28
14
34
49
50
6
6
44
19
7
11
34
24
37
22
9
28
41
46
32
12
41
24
1
1
5
26
15
43
25
10
20
40
45
20
39
2
27
34
20
34
44
5
7
32
26
17
12
18
13
43
30
3
19
32
3
25
8
19
17
34
28
38
23
24
8
13
26
34
48
47
19
42
4
27
25
31
44
36
49
6
31
30
10
49
11
13
25
20
31
42
3
11
31
27
34
40
41
9
24
39
8
44
32
11
21
6
41
14
42
39
21
22
18
30
22
31
44
46
50
25
39
5
37
20
33
20
11
24
31
34
14
38
30
45
50
50
2
40
15
43
31
37
16
50
16
37
32
12
35
34
38
23
38
24
44
20
43
5
45
25
40
10
14
19
4
13
20
6
5
34
50
35
20
16
36
38
4
20
1
38
3
38
13
40
11
6
11
5
12
8
30
4
17
43
22
23
6
44
30
12
29
29
48
1
46
33
38
50
2
40
37
4
27
49
45
37
7
8
43
18
15
22
21
31
17
45
5
24
38
34
35
18
13
32
18
10
16
7
9
20
46
46
23
22
46
20
10
2
27
3
22
41
26
44
23
42
40
28
17
29
13
1
47
25
34
14
37
50
21
45
19
16
42
43
40
38
14
49
41
40
3
14
32
29
8
5
22
47
34
39
26
46
41
22
23
27
35
9
26
7
3
46
23
47
40
12
34
4
12
26
43
17
40
25
45
47
31
18
45
14
8
20
11
1
43
33
27
30
41
4
36
46
49
8
42
38
21
27
41
35
2
34
1
43
10
47
41
40
14
36
5
24
7
15
24
2
50
2
31
40
5
16
37
3
26
30
42
48
8
35
32
12
20
32
4
29
28
45
20
44
32
24
19
38
40
44
39
39
45
21
31
49
37
19
3
14
