40
49
46
11
6
30
43
17
49
26
23
29
4
17
48
49
48
23
17
37
13
10
28
1
4
48
33
4
36
2
8
49
50
5
12
7
35
4
26
35
29
48
14
34
16
11
32
15
36
48
1
48
9
30
50
14
30
35
17
15
36
26
16
37
31
27
43
17
30
20
3
10
17
16
46
34
29
27
48
14
27
1
13
37
30
14
1
9
48
17
26
33
45
41
21
27
19
16
45
50
35
47
9
4
13
4
37
43
33
35
8
11
35
20
47
16
35
47
25
33
16
2
17
12
44
38
38
12
3
32
11
39
30
21
42
44
25
29
36
9
13
43
21
47
14
17
12
1
16
38
35
33
41
1
44
34
40
31
45
44
14
5
33
45
26
24
39
2
2
24
12
16
19
32
14
34
50
28
36
15
15
20
47
8
23
42
41
12
24
38
8
37
44
40
32
21
15
22
22
19
47
35
34
15
18
48
1
18
25
36
34
41
8
33
50
30
24
41
43
48
30
50
36
23
41
19
44
6
40
17
26
37
4
11
3
21
8
5
38
34
41
22
27
48
6
28
29
29
20
21
28
49
21
14
22
11
34
17
18
24
33
43
12
36
4
14
9
13
19
46
49
11
19
27
10
24
4
38
5
24
8
32
24
30
47
45
43
31
13
10
6
48
5
17
35
10
32
43
24
2
39
22
14
9
50
23
35
6
12
41
31
22
24
4
1
21
1
43
3
13
5
8
10
9
26
45
18
9
37
41
11
27
15
24
38
16
49
22
21
10
14
1
33
37
5
34
9
7
28
11
19
32
20
29
42
47
25
9
6
11
2
16
40
18
41
27
33
39
50
6
1
13
8
33
49
12
18
8
20
48
20
39
29
40
19
21
36
43
31
43
5
34
8
44
1
1
22
36
39
21
41
41
35
48
26
34
12
45
43
31
42
14
21
21
5
39
43
43
31
23
35
36
9
45
31
9
45
3
46
35
23
38
26
8
36
3
43
49
47
37
31
41
50
2
13
7
40
5
49
23
29
33
8
39
27
38
48
21
40
45
6
15
33
33
24
20
37
16
18
35
4
50
25
5
1
37
11
43
43
9
15
24
42
22
12
20
11
11
41
3
6
48
17
40
32
40
9
18
7
26
2
12
25
29
16
28
17
27
20
12
35
34
37
28
7
50
48
17
11
40
21
18
37
37
9
18
28
17
37
36
44
38
47
20
18
13
47
35
41
18
46
25
1
32
3
9
31
2
26
43
41
48
12
27
35
20
46
14
36
32
2
31
21
48
1
39
12
47
25
2
15
20
29
17
3
33
26
33
34
3
28
24
50
41
2
36
11
47
50
48
30
3
29
50
50
29
40
14
27
14
17
41
35
45
10
37
27
35
22
10
39
1
35
40
41
36
26
1
32
27
1
13
29
29
15
30
9
4
45
35
20
12
28
6
8
37
43
35
23
16
46
11
16
33
50
8
18
27
9
2
3
11
14
33
39
28
15
47
34
9
31
5
20
8
10
28
46
2
14
18
19
11
30
36
43
32
44
13
8
4
14
13
14
29
47
2
7
11
50
42
20
32
46
41
40
5
20
37
9
33
5
27
46
34
15
38
15
8
2
25
11
15
39
24
44
35
27
2
46
26
45
17
7
40
7
48
46
27
35
4
11
41
33
6
24
49
46
41
6
47
17
18
14
5
41
9
41
19
12
36
44
6
2
2
45
11
2
42
39
36
48
49
26
32
7
1
30
2
43
35
50
11
2
15
15
44
23
6
12
34
43
7
41
47
10
37
9
11
29
47
48
26
45
25
7
1
26
36
4
20
22
6
31
25
20
47
18
45
4
31
30
47
37
21
45
46
9
3
9
37
49
6
14
45
31
22
48
8
9
1
29
30
8
9
4
30
8
23
26
11
3
5
9
41
27
3
37
36
7
47
24
5
2
38
2
34
11
49
43
20
1
22
1
9
32
7
38
39
29
13
2
34
19
10
24
46
15
12
33
23
8
8
30
12
45
31
45
8
29
38
27
29
11
29
37
42
35
26
33
16
40
34
49
9
45
24
6
11
36
40
34
45
47
13
6
44
43
1
1
21
40
29
1
50
7
38
43
42
15
25
9
5
10
9
15
5
32
20
17
19
11
50
14
7
14
19
50
6
21
2
28
12
30
29
13
37
18
6
30
34
30
40
38
40
48
4
46
31
25
12
50
35
12
15
44
27
35
43
33
8
47
12
19
26
42
32
14
11
37
45
45
18
36
34
9
33
38
4
16
14
18
15
49
31
31
42
7
15
36
39
24
32
3
43
10
46
26
25
7
14
22
3
31
7
36
42
40
25
45
7
39
12
21
39
42
3
30
49
19
17
39
43
1
43
35
10
39
12
36
47
25
7
49
7
14
36
48
5
13
45
11
3
8
33
41
2
37
22
50
5
40
40
47
40
35
33
1
23
44
37
19
20
43
19
27
8
4
26
14
16
20
26
20
28
10
10
31
46
33
32
1
23
21
47
14
7
30
15
29
25
1
49
45
45
19
23
5
23
48
18
40
20
44
10
49
5
21
29
1
6
10
1
30
32
49
43
39
28
7
19
5
9
20
49
4
38
21
8
12
20
27
4
41
22
15
39
27
37
17
27
42
28
29
23
10
27
16
50
5
24
18
9
33
39
9
38
27
31
45
40
2
23
43
43
45
7
31
23
44
50
49
37
29
27
10
38
3
27
39
9
50
9
19
32
47
29
21
25
9
15
15
13
40
7
5
36
16
35
8
11
36
8
47
15
34
6
4
38
34
43
49
34
1
19
17
47
50
38
22
10
4
38
22
43
44
26
28
11
13
37
21
48
44
18
12
29
25
18
17
9
10
17
44
10
37
10
8
36
47
31
46
3
18
17
47
14
43
25
24
7
11
45
4
7
14
18
35
40
35
3
50
44
19
43
5
6
5
14
43
3
45
38
5
12
7
2
27
49
28
1
5
40
47
10
46
12
27
31
3
13
33
3
8
4
47
12
11
1
28
3
4
22
41
8
35
49
11
12
49
38
14
5
28
12
14
25
25
43
5
27
5
40
29
15
43
26
28
3
28
5
5
31
26
47
41
11
45
1
24
43
41
39
47
20
50
13
44
26
5
49
2
11
38
33
25
30
10
3
34
37
7
38
18
35
37
10
47
31
10
20
26
2
8
24
21
9
36
15
34
40
15
37
3
4
19
27
33
28
31
18
17
38
5
34
22
43
45
18
26
6
39
1
8
48
24
28
8
10
44
43
1
8
29
3
11
48
32
45
27
12
12
43
49
19
28
22
11
22
41
38
30
31
38
37
30
14
14
37
25
10
29
25
17
10
30
28
9
11
22
35
24
36
30
25
4
9
46
16
33
39
4
12
19
43
48
1
6
13
37
32
22
18
9
39
27
38
18
35
50
41
21
23
28
2
47
33
11
45
49
43
33
4
4
3
48
3
5
6
15
42
37
39
11
45
29
39
34
46
23
35
38
45
8
16
47
6
48
7
50
48
1
34
3
4
39
1
6
43
6
22
36
42
12
46
39
40
34
24
37
8
9
27
3
16
42
1
21
41
9
23
39
9
8
41
12
46
41
19
41
48
42
26
42
4
24
30
45
9
3
34
17
